19.521 0.002
26.707 -0.001
33.839 0.004
41.021 0.002
48.154 0.007
51.761 0.003
63.676 0.007
76.799 0.009
76.824 0.006
92.322 0.010
105.445 0.012
101.886 0.008
119.759 0.015
119.784 0.011
134.090 0.015
130.532 0.011
148.405 0.017
148.429 0.013
162.719 0.020
162.744 0.016
177.034 0.022
177.058 0.019
191.344 0.026
194.955 0.021
234.247 0.040
248.570 0.041
263.999 0.056
273.555 0.056
285.384 0.074
298.374 0.097
298.407 0.092
298.431 0.088
294.922 0.076
294.946 0.073
305.430 0.114
312.559 0.120
309.122 0.097
319.578 0.143
319.611 0.138
316.174 0.115
326.581 0.169
326.613 0.164
326.638 0.160
333.600 0.192
333.633 0.187
333.657 0.183
330.326 0.143
330.351 0.139
340.367 0.255
340.473 0.238
340.506 0.233
340.619 0.215
340.652 0.210
337.329 0.169
337.362 0.164
337.386 0.160
347.330 0.287
347.362 0.282
347.387 0.278
347.476 0.264
347.509 0.259
344.348 0.192
344.381 0.187
354.093 0.351
354.203 0.334
354.235 0.328
354.349 0.310
354.381 0.305
351.116 0.255
351.221 0.238
351.254 0.233
360.657 0.446
360.767 0.429
360.799 0.424
360.913 0.406
360.946 0.400
360.970 0.397
361.059 0.382
361.092 0.377
361.116 0.373
361.222 0.357
357.989 0.301
358.078 0.287
358.110 0.282
358.135 0.278
358.232 0.263
367.364 0.519
367.477 0.501
367.510 0.496
367.534 0.492
368.834 0.475
367.676 0.469
367.786 0.452
364.837 0.352
364.951 0.334
364.983 0.328
365.089 0.312
375.252 0.593
374.094 0.588
374.204 0.570
374.237 0.565
374.350 0.547
374.383 0.542
374.497 0.524
374.553 0.515
371.401 0.447
371.515 0.429
371.548 0.424
371.661 0.406
371.694 0.400
371.718 0.397
380.472 0.712
381.800 0.691
377.048 0.687
380.736 0.670
380.768 0.665
380.793 0.661
380.915 0.642
380.947 0.637
377.389 0.633
381.061 0.619
381.093 0.614
381.118 0.610
378.112 0.519
378.225 0.501
378.258 0.496
378.282 0.492
378.372 0.478
378.404 0.472
378.429 0.469
387.198 0.782
387.300 0.766
387.333 0.760
387.357 0.757
388.657 0.740
387.499 0.734
387.609 0.717
384.790 0.596
384.822 0.591
384.847 0.587
384.952 0.570
384.985 0.565
385.098 0.547
385.131 0.542
394.140 0.817
394.173 0.812
394.205 0.807
394.238 0.802
394.270 0.796
394.299 0.792
390.753 0.786
391.224 0.712
391.338 0.694
391.370 0.688
391.484 0.670
391.516 0.665
402.468 0.822
398.081 0.760
398.105 0.757
398.211 0.740
409.682 0.814
408.528 0.808
408.561 0.803
408.593 0.798
405.027 0.795
412.021 0.822
416.189 0.730
416.222 0.724
419.284 0.807
419.317 0.802
419.349 0.796
419.479 0.776
419.512 0.771
424.403 0.753
423.245 0.747
423.411 0.721
423.501 0.706
423.533 0.701
423.558 0.697
423.663 0.681
423.696 0.676
423.809 0.658
423.842 0.652
426.937 0.730
426.970 0.724
431.040 0.647
431.072 0.642
431.097 0.638
431.202 0.622
431.235 0.616
431.349 0.598
431.381 0.593
431.495 0.575
431.527 0.570
431.645 0.552
434.265 0.704
434.298 0.699
434.411 0.681
434.444 0.676
434.558 0.658
434.590 0.652
435.134 0.566
438.839 0.547
438.863 0.543
440.163 0.527
439.005 0.521
439.115 0.503
439.148 0.498
442.097 0.599
442.129 0.593
442.243 0.575
442.275 0.570
442.389 0.552
446.427 0.480
446.459 0.475
446.573 0.457
446.606 0.452
446.630 0.448
449.717 0.527
449.750 0.521
449.863 0.503
449.896 0.498
453.885 0.434
453.917 0.429
453.942 0.425
454.039 0.410
454.071 0.404
450.505 0.402
454.193 0.385
454.226 0.380
457.175 0.480
457.207 0.475
457.321 0.457
457.354 0.452
457.378 0.448
461.505 0.362
461.537 0.357
461.566 0.352
458.020 0.347
461.643 0.340
458.077 0.338
464.795 0.408
464.828 0.403
464.941 0.385
464.974 0.380
468.849 0.334
468.878 0.329
465.323 0.325
468.963 0.316
468.995 0.311
472.253 0.362
472.286 0.357
472.310 0.353
472.399 0.339
476.185 0.307
472.676 0.295
476.291 0.290
476.323 0.285
472.765 0.281
479.613 0.331
479.711 0.316
479.743 0.311
479.971 0.275
483.594 0.268
483.627 0.263
483.659 0.258
483.692 0.253
487.039 0.290
487.071 0.285
490.906 0.245
490.938 0.240
490.971 0.235
494.350 0.267
494.383 0.262
498.185 0.227
498.218 0.222
494.651 0.219
501.662 0.244
501.695 0.239
501.719 0.235
505.424 0.215
505.456 0.210
505.489 0.205
505.517 0.201
508.974 0.221
512.719 0.195
516.204 0.210
516.237 0.205
519.852 0.200
519.917 0.190
519.949 0.185
523.467 0.195
528.341 0.179
523.589 0.176
530.681 0.187
534.361 0.172
537.912 0.177
541.559 0.167
545.109 0.172
548.757 0.161
552.307 0.167
555.951 0.157
559.505 0.161
570.286 0.156
584.617 0.156
584.641 0.152
600.123 0.159
595.373 0.155
614.421 0.164
609.679 0.159
620.346 0.172
628.673 0.177
623.961 0.167
635.790 0.185
631.102 0.170
642.907 0.192
638.227 0.177
649.991 0.205
648.837 0.199
645.344 0.185
645.368 0.181
657.107 0.213
652.460 0.192
652.485 0.189
664.159 0.231
663.005 0.225
663.038 0.219
659.545 0.205
659.577 0.200
670.049 0.244
670.081 0.239
666.661 0.213
666.686 0.209
677.149 0.254
677.182 0.249
677.275 0.234
673.729 0.228
673.762 0.223
673.786 0.219
684.201 0.272
684.229 0.268
685.477 0.259
680.797 0.244
680.830 0.239
691.188 0.300
691.220 0.295
692.528 0.277
687.914 0.252
698.207 0.324
698.239 0.318
698.264 0.315
698.418 0.290
694.868 0.285
694.965 0.270
694.990 0.266
705.210 0.349
705.242 0.344
705.271 0.340
701.903 0.306
701.936 0.300
701.968 0.295
712.229 0.372
712.261 0.367
712.286 0.363
712.485 0.332
708.939 0.326
708.971 0.321
709.004 0.316
709.028 0.312
719.102 0.419
719.134 0.414
719.248 0.396
719.281 0.390
715.942 0.352
715.974 0.347
716.007 0.342
716.039 0.336
726.015 0.459
726.121 0.442
726.154 0.437
722.888 0.387
722.977 0.372
723.010 0.367
723.042 0.362
732.978 0.491
733.010 0.486
733.035 0.482
733.124 0.468
733.157 0.462
729.850 0.419
729.883 0.414
729.907 0.410
739.851 0.537
739.883 0.532
739.997 0.514
740.029 0.509
736.764 0.459
736.853 0.444
736.885 0.439
736.910 0.435
746.707 0.586
746.740 0.581
746.764 0.577
746.854 0.563
746.886 0.558
746.910 0.554
743.726 0.491
743.758 0.486
743.783 0.482
743.872 0.468
753.727 0.609
753.759 0.604
750.201 0.600
750.599 0.537
750.631 0.532
760.518 0.668
760.551 0.663
760.583 0.658
760.616 0.653
760.648 0.648
760.681 0.642
760.713 0.637
760.746 0.632
760.778 0.627
757.455 0.586
757.488 0.581
757.512 0.577
757.602 0.563
757.626 0.559
767.521 0.694
767.554 0.689
767.586 0.684
767.619 0.678
767.651 0.673
764.475 0.609
764.507 0.604
775.751 0.714
774.597 0.708
774.630 0.703
774.662 0.698
771.266 0.668
771.299 0.663
771.331 0.658
771.364 0.653
771.396 0.648
781.673 0.722
778.286 0.691
778.318 0.686
778.351 0.681
790.065 0.717
788.912 0.711
785.353 0.707
785.378 0.703
795.996 0.723
803.202 0.717
803.234 0.712
803.267 0.707
803.299 0.702
803.332 0.696
803.364 0.691
803.397 0.686
810.595 0.681
810.627 0.676
810.660 0.671
810.692 0.666
810.725 0.660
810.757 0.655
810.790 0.650
810.822 0.645
810.851 0.640
814.048 0.702
814.080 0.696
814.113 0.691
814.145 0.686
818.053 0.635
818.085 0.630
818.118 0.624
818.150 0.619
818.179 0.615
821.440 0.666
821.473 0.660
821.505 0.655
821.538 0.650
821.570 0.645
821.603 0.640
825.381 0.609
826.624 0.601
825.470 0.595
821.903 0.592
828.801 0.635
828.833 0.630
828.866 0.624
828.898 0.619
828.931 0.614
833.870 0.588
832.717 0.582
832.749 0.577
832.782 0.572
832.814 0.567
834.098 0.552
832.944 0.546
829.378 0.543
834.260 0.527
836.177 0.601
836.210 0.596
836.437 0.560
840.272 0.520
840.378 0.504
840.410 0.498
843.668 0.550
843.700 0.545
843.733 0.540
843.765 0.534
843.798 0.529
843.830 0.524
847.689 0.480
847.722 0.475
847.831 0.458
851.061 0.514
851.093 0.509
851.126 0.504
851.158 0.498
851.183 0.495
855.033 0.452
855.058 0.448
855.147 0.434
855.175 0.430
858.421 0.483
858.454 0.478
858.478 0.474
858.583 0.457
862.369 0.425
863.669 0.408
862.511 0.403
865.790 0.451
865.895 0.434
865.928 0.429
869.787 0.385
869.819 0.380
873.207 0.411
873.239 0.406
873.264 0.402
877.098 0.362
877.131 0.357
880.535 0.385
880.567 0.380
884.410 0.339
884.442 0.334
884.467 0.330
887.846 0.362
887.879 0.357
887.903 0.353
891.730 0.315
891.762 0.309
895.174 0.336
895.199 0.333
895.418 0.298
902.470 0.316
902.502 0.311
902.526 0.307
906.207 0.291
906.239 0.286
906.272 0.281
902.705 0.279
914.672 0.275
913.518 0.268
916.979 0.288
917.012 0.283
921.918 0.262
924.226 0.275
924.258 0.270
927.938 0.254
931.456 0.265
931.489 0.259
935.136 0.249
935.165 0.245
938.686 0.254
943.555 0.240
945.901 0.247
953.099 0.241
956.714 0.236
965.100 0.232
979.434 0.232
992.541 0.236
988.982 0.232
999.674 0.241
1008.001 0.247
1003.289 0.236
1015.117 0.254
1010.430 0.240
1021.040 0.262
1017.555 0.247
1029.334 0.272
1028.181 0.266
1028.230 0.258
1024.688 0.252
1036.419 0.285
1035.265 0.279
1043.503 0.298
1042.349 0.292
1038.888 0.272
1038.913 0.268
1049.360 0.316
1049.393 0.311
1049.425 0.306
1045.973 0.285
1046.005 0.280
1056.428 0.331
1056.461 0.326
1056.493 0.321
1053.040 0.301
1053.073 0.295
1053.097 0.292
1064.658 0.352
1063.504 0.346
1063.537 0.340
1063.569 0.335
1060.108 0.316
1060.141 0.311
1060.165 0.307
1070.462 0.378
1071.709 0.370
1070.556 0.364
1070.588 0.358
1067.192 0.329
1067.225 0.324
1078.761 0.388
1077.608 0.382
1074.212 0.352
1074.244 0.347
1074.277 0.342
1074.301 0.338
1084.586 0.411
1084.619 0.406
1084.651 0.401
1084.684 0.396
1081.231 0.375
1081.263 0.370
1081.296 0.365
1081.320 0.361
1092.783 0.437
1091.630 0.430
1091.662 0.425
1091.695 0.420
1091.727 0.415
1088.299 0.391
1088.331 0.385
1099.672 0.481
1098.519 0.474
1099.802 0.460
1098.649 0.454
1098.681 0.448
1098.714 0.443
1095.350 0.409
1106.692 0.504
1101.939 0.500
1106.916 0.468
1102.337 0.437
1102.370 0.432
1112.516 0.527
1112.545 0.522
1112.711 0.496
1112.744 0.491
1109.194 0.486
1109.226 0.481
1109.259 0.475
1120.714 0.553
1119.556 0.547
1120.938 0.517
1116.197 0.511
1116.229 0.506
1116.262 0.501
1126.522 0.578
1126.555 0.573
1126.579 0.569
1123.175 0.541
1123.216 0.535
1123.248 0.529
1123.281 0.524
1133.574 0.596
1133.598 0.592
1130.251 0.555
1130.284 0.550
1130.308 0.546
1141.869 0.607
1140.715 0.600
1137.319 0.571
1144.338 0.594
1144.363 0.590
1154.981 0.610
1155.013 0.605
1155.042 0.601
1165.737 0.609
1169.360 0.603
1169.393 0.598
1169.425 0.592
1169.458 0.587
1169.490 0.582
1176.692 0.576
1176.725 0.571
1176.761 0.565
1176.794 0.560
1180.214 0.586
1180.247 0.581
1183.988 0.556
1185.267 0.542
1184.114 0.536
1180.547 0.533
1187.477 0.571
1187.509 0.565
1187.542 0.560
1191.190 0.550
1192.579 0.519
1191.425 0.513
1187.859 0.510
1194.805 0.545
1194.837 0.540
1194.870 0.535
1194.902 0.530
1199.907 0.494
1198.749 0.488
1202.133 0.519
1202.165 0.514
1202.198 0.509
1206.024 0.470
1206.057 0.465
1209.461 0.494
1209.493 0.488
1209.526 0.483
1209.566 0.477
1213.336 0.447
1213.368 0.442
1213.478 0.425
1216.756 0.473
1216.788 0.468
1216.821 0.463
1220.554 0.439
1220.680 0.419
1220.704 0.415
1224.230 0.424
1227.959 0.401
1227.992 0.396
1228.016 0.392
1231.452 0.415
1235.287 0.375
1235.319 0.370
1238.723 0.398
1238.756 0.393
1242.599 0.352
1242.627 0.348
1246.035 0.375
1246.059 0.371
1249.829 0.342
1249.861 0.337
1253.347 0.352
1253.379 0.347
1257.059 0.332
1257.092 0.326
1260.610 0.337
1265.484 0.321
1264.330 0.315
1260.764 0.312
1267.824 0.329
1272.731 0.308
1267.978 0.305
1275.070 0.316
1279.945 0.301
1282.284 0.308
1287.153 0.294
1289.499 0.301
1300.304 0.292
1296.737 0.289
1315.834 0.291
1328.925 0.298
1328.953 0.294
1337.219 0.308
1336.066 0.302
1343.142 0.316
1339.681 0.297
1350.242 0.326
1350.275 0.321
1350.335 0.312
1346.789 0.306
1358.504 0.342
1357.351 0.335
1357.383 0.330
1353.890 0.316
1364.394 0.355
1364.427 0.350
1361.006 0.324
1361.031 0.320
1372.656 0.370
1371.503 0.364
1371.535 0.359
1371.616 0.346
1368.074 0.339
1368.099 0.335
1379.708 0.388
1378.554 0.382
1378.587 0.377
1375.158 0.352
1386.727 0.411
1385.573 0.405
1385.606 0.400
1385.638 0.395
1382.210 0.370
1382.243 0.365
1382.275 0.360
1392.585 0.429
1392.617 0.424
1392.650 0.419
1389.262 0.388
1389.294 0.383
1389.319 0.379
1399.620 0.450
1399.652 0.445
1399.685 0.440
1399.717 0.434
1396.265 0.414
1396.297 0.409
1396.330 0.404
1396.354 0.400
1406.623 0.476
1406.655 0.470
1406.688 0.465
1406.720 0.460
1406.753 0.455
1403.333 0.429
1403.365 0.424
1403.398 0.419
1414.885 0.491
1413.731 0.485
1413.764 0.479
1410.368 0.450
1410.401 0.445
1410.433 0.440
1410.457 0.436
1420.742 0.509
1420.775 0.504
1420.807 0.499
1417.387 0.473
1417.420 0.468
1417.444 0.464
1429.005 0.524
1427.847 0.519
1424.293 0.514
1424.423 0.494
1424.455 0.488
1424.488 0.483
1431.523 0.504
1431.547 0.500
1438.542 0.527
1438.575 0.522
1438.599 0.518
1456.374 0.540
1463.572 0.535
1463.605 0.530
1463.637 0.525
1470.835 0.519
1470.868 0.514
1470.900 0.509
1470.929 0.505
1474.353 0.530
1474.385 0.525
1479.325 0.499
1478.171 0.492
1478.204 0.487
1481.600 0.517
1481.632 0.512
1481.665 0.507
1485.410 0.481
1485.442 0.476
1485.471 0.471
1488.895 0.496
1488.927 0.491
1488.960 0.486
1492.673 0.465
1492.705 0.460
1492.738 0.455
1492.770 0.450
1496.158 0.481
1496.190 0.476
1496.223 0.471
1501.162 0.445
1500.009 0.438
1500.041 0.433
1500.074 0.428
1503.437 0.463
1503.469 0.458
1503.502 0.453
1507.280 0.422
1507.308 0.417
1507.345 0.411
1507.373 0.407
1510.765 0.437
1510.797 0.432
1510.830 0.427
1515.769 0.401
1518.044 0.419
1518.076 0.414
1518.109 0.409
1521.789 0.393
1521.822 0.388
1521.854 0.383
1521.887 0.378
1525.307 0.404
1525.339 0.399
1529.133 0.365
1529.162 0.361
1532.586 0.386
1532.619 0.381
1532.651 0.375
1532.675 0.372
1532.781 0.355
1532.805 0.351
1539.865 0.368
1539.898 0.363
1543.578 0.347
1543.606 0.343
1550.808 0.337
1550.837 0.332
1554.326 0.347
1554.358 0.342
1558.035 0.327
1561.556 0.337
1565.180 0.330
1573.577 0.324
1586.700 0.327
1595.027 0.332
1602.144 0.339
1597.456 0.325
1608.066 0.347
1604.581 0.332
1615.167 0.357
1615.199 0.352
1615.260 0.343
1611.714 0.337
1623.429 0.373
1622.275 0.366
1622.308 0.361
1618.815 0.347
1630.513 0.386
1629.360 0.379
1625.931 0.355
1625.956 0.351
1636.403 0.399
1636.436 0.393
1632.983 0.373
1633.015 0.368
1644.633 0.419
1643.479 0.413
1643.512 0.408
1643.544 0.402
1643.625 0.390
1640.083 0.383
1640.116 0.378
1647.167 0.396
1658.769 0.450
1657.615 0.444
1654.048 0.441
1654.187 0.419
1654.219 0.414
1654.243 0.410
1664.626 0.468
1664.658 0.463
1664.691 0.458
1672.921 0.478
1671.767 0.472
1668.306 0.453
1668.339 0.447
1668.371 0.442
1678.843 0.486
1675.390 0.465
1675.423 0.460
1687.170 0.491
1682.458 0.481
1682.491 0.476
1689.599 0.485
1700.290 0.494
1700.323 0.489
1708.715 0.484
1711.055 0.491
1714.735 0.476
1714.768 0.471
1718.253 0.486
1718.285 0.481
1721.965 0.466
1721.998 0.460
1722.026 0.456
1725.483 0.476
1725.516 0.471
1730.423 0.450
1729.269 0.444
1732.730 0.463
1732.762 0.458
1736.475 0.437
1736.507 0.432
1736.540 0.427
1739.960 0.453
1739.993 0.448
1740.025 0.442
1743.738 0.422
1743.770 0.417
1743.803 0.412
1747.256 0.432
1747.288 0.427
1751.001 0.406
1751.033 0.401
1751.062 0.397
1754.518 0.417
1754.551 0.412
1754.673 0.392
1761.765 0.404
1761.798 0.399
1765.510 0.378
1765.543 0.373
1773.935 0.368
1769.182 0.364
1776.275 0.376
1781.149 0.360
1776.396 0.356
1783.489 0.368
1788.363 0.352
1790.703 0.360
1801.508 0.351
1797.941 0.349
1815.831 0.352
1815.855 0.349
1822.963 0.358
1830.064 0.368
1830.096 0.363
1826.571 0.354
1837.164 0.378
1837.197 0.373
1833.712 0.358
1844.265 0.388
1844.297 0.383
1840.812 0.368
1840.836 0.364
1851.365 0.399
1851.398 0.394
1847.912 0.378
1847.945 0.373
1858.433 0.414
1858.465 0.409
1858.498 0.404
1855.013 0.388
1855.045 0.383
1861.943 0.426
1862.113 0.399
1862.146 0.394
1872.613 0.438
1872.650 0.432
1869.214 0.409
1879.718 0.448
1879.750 0.442
1888.045 0.453
1883.366 0.437
1883.398 0.432
1890.482 0.445
1901.149 0.458
1901.178 0.453
1915.488 0.457
1915.521 0.451
1911.954 0.449
1923.921 0.445
1919.168 0.441
1926.261 0.453
1931.135 0.437
1929.981 0.431
1930.014 0.426
1933.475 0.445
1937.220 0.419
1940.705 0.435
1940.738 0.430
1944.361 0.423
1945.612 0.414
1944.458 0.408
1952.856 0.402
1948.106 0.398
1955.166 0.414
1955.198 0.409
1958.931 0.385
1962.421 0.400
1966.125 0.381
1966.154 0.376
1969.675 0.386
1973.352 0.371
1976.873 0.381
1980.497 0.374
1980.541 0.367
1994.876 0.367
1991.310 0.364
2009.199 0.368
2009.223 0.364
2016.332 0.373
2024.659 0.378
2023.513 0.371
2030.537 0.393
2037.665 0.399
2038.922 0.389
2034.172 0.385
2034.205 0.380
2045.960 0.409
2044.802 0.403
2051.883 0.417
2059.015 0.422
2059.076 0.412
2055.530 0.407
2067.343 0.427
2062.631 0.417
2080.459 0.430
2091.195 0.432
2109.189 0.419
2109.222 0.414
2109.254 0.409
2117.647 0.404
2112.894 0.400
2119.986 0.412
2123.667 0.396
2123.695 0.392
2132.091 0.386
2130.938 0.380
2141.661 0.383
2145.285 0.377
2145.313 0.373
2159.640 0.373
2159.664 0.369
2173.954 0.376
2173.979 0.372
2182.281 0.381
2188.204 0.389
2195.337 0.394
2191.819 0.384
2191.843 0.380
2202.470 0.399
2198.952 0.389
2210.797 0.404
2206.085 0.394
2213.226 0.398
2223.901 0.409
2220.351 0.404
2238.224 0.411
2238.248 0.407
2252.571 0.408
2252.603 0.403
2249.037 0.400
2259.809 0.396
2263.359 0.402
2267.007 0.391
2267.035 0.387
2270.557 0.396
2274.225 0.383
2281.362 0.387
2282.613 0.378
2292.167 0.378
2295.782 0.373
2302.972 0.369
2310.113 0.373
2317.299 0.370
2327.986 0.380
2339.901 0.384
2354.200 0.389
2349.458 0.384
2367.306 0.394
2363.748 0.390
2381.629 0.395
2381.653 0.391
2395.992 0.390
2392.426 0.387
2410.412 0.376
2424.760 0.373
2424.788 0.369
2439.131 0.367
2435.564 0.364
2454.661 0.366
2467.784 0.368
2474.917 0.373
2482.099 0.371
2490.423 0.376
2503.538 0.380
2499.972 0.377
2517.877 0.379
2526.269 0.373
2539.414 0.372
2539.447 0.367
2546.649 0.361
2550.203 0.366
2560.991 0.359
2561.016 0.355
2575.339 0.357
2571.772 0.354
2590.869 0.356
2605.184 0.358
2600.434 0.354
2618.290 0.363
2618.315 0.359
2632.621 0.363
2639.811 0.359
2646.960 0.362
2654.154 0.357
2662.542 0.353
2675.687 0.352
2675.719 0.346
2690.066 0.344
2690.091 0.340
2704.421 0.340
2704.446 0.336
2718.752 0.340
2715.194 0.336
2734.274 0.341
2747.397 0.343
2743.839 0.339
2761.736 0.341
2758.170 0.339
2776.104 0.336
2790.447 0.334
2786.888 0.330
2801.211 0.331
2826.387 0.316
2840.710 0.317
2840.735 0.313
2855.041 0.317
2851.483 0.313
2869.372 0.317
2876.562 0.313
2883.711 0.316
2898.058 0.313
2894.491 0.311
2906.458 0.307
2916.012 0.307
2919.627 0.302
2919.655 0.297
2930.391 0.299
2934.007 0.294
2942.399 0.289
2955.543 0.288
2955.568 0.284
2969.899 0.284
2969.923 0.280
2984.238 0.282
2980.671 0.280
2998.576 0.281
3006.963 0.277
3020.097 0.277
3020.130 0.272
3030.869 0.273
3034.485 0.268
3034.513 0.264
3041.703 0.260
3045.249 0.266
3048.897 0.255
3052.447 0.261
3056.091 0.251
3063.236 0.254
3063.280 0.247
3070.474 0.243
3074.024 0.248
3077.668 0.238
3081.222 0.243
3084.866 0.233
3092.011 0.236
3100.406 0.231
3113.556 0.228
3113.580 0.225
3127.903 0.226
3127.927 0.222
3142.266 0.221
3142.291 0.217
3156.630 0.216
3156.662 0.210
3163.856 0.206
3167.402 0.212
3171.050 0.202
3174.600 0.207
3178.248 0.196
3178.276 0.192
3181.798 0.202
3185.478 0.186
3188.996 0.196
3192.619 0.190
3193.870 0.181
3189.118 0.177
3201.084 0.173
3196.332 0.169
3203.424 0.181
3208.298 0.166
3210.638 0.173
3215.513 0.158
3210.760 0.154
3217.852 0.166
3222.727 0.150
3217.974 0.146
3225.066 0.158
3229.941 0.142
3232.281 0.150
3237.155 0.135
3232.402 0.131
3239.495 0.142
3244.369 0.127
3246.709 0.135
3250.377 0.121
3253.923 0.127
3257.571 0.117
3257.599 0.112
3261.121 0.122
3264.797 0.107
3268.319 0.117
3271.942 0.110
3271.987 0.103
3279.181 0.099
3282.731 0.104
3286.374 0.094
3289.929 0.099
3293.572 0.089
3300.717 0.092
3301.963 0.084
3311.506 0.086
3315.121 0.081
3322.307 0.078
3351.046 0.065
3358.236 0.061
3365.385 0.064
3373.780 0.058
3386.930 0.056
3386.954 0.052
3401.277 0.054
3401.301 0.050
3415.624 0.051
3415.648 0.047
3429.971 0.049
3429.995 0.045
3444.318 0.046
3444.342 0.042
3458.665 0.044
3458.689 0.040
3473.012 0.041
3469.446 0.038
3487.351 0.040
3487.375 0.036
3501.698 0.037
3501.722 0.033
3516.037 0.036
3512.470 0.033
3530.376 0.035
3537.566 0.031
3544.715 0.033
3559.054 0.032
3566.243 0.028
3573.384 0.032
3580.570 0.029
3594.897 0.029
3594.921 0.026
3609.228 0.029
3609.252 0.026
3623.575 0.027
3637.906 0.027
3645.095 0.023
3652.236 0.027
3659.422 0.024
3673.749 0.024
3688.080 0.024
3688.104 0.021
3702.410 0.024
3702.435 0.021
3716.741 0.024
3716.766 0.021
3731.080 0.023
3731.105 0.019
3745.419 0.022
3745.443 0.018
3759.750 0.022
3759.774 0.018
3774.081 0.022
3774.105 0.018
3788.411 0.022
3788.436 0.018
3802.759 0.019
3817.089 0.019
3817.114 0.015
3831.420 0.019
3831.444 0.015
3845.751 0.019
3845.775 0.015
3860.082 0.019
3860.106 0.015
3875.620 0.017
3888.760 0.017
3903.090 0.017
3917.421 0.017
3931.752 0.017
3946.083 0.017
3960.414 0.017
3967.603 0.013
3974.744 0.017
3981.934 0.013
3989.075 0.017
3996.261 0.014
